[body.jpg]
filters=Vignette=1,50.000000,1.666667,0.000000,00000000;
moddate=2c03ef8038b2d201
width=1366
height=383
textactive=0
